// Unused singles
CS (64, 784) (94, 0) - 1 5 22 2 2 2 18 4 24 5 1 32 1 5 24 4 18 2 2 2 22 5 1 31 6 30 4 12 2 12 4 28 5 1 35 6 28 6 35 1 5 28 4 14 4 28 5 1 35 6 28 6 35 1 5 28 4 12 2 12 4 30 6 31
CS (88, 980) (104, 0) - 1 5 22 4 20 2 2 2 18 4 22 4 20 4 20 4 20 4 22 4 20 4 20 4 20 4 22 4 18 2 2 2 20 4 22 5 1 30 1 6 1 25 5 1 32 1 5 24 4 18 4 24 4 16 4 24 4 18 4 24 5 1 32 1 5 24 4 18 4 24 4 16 4 24 4 18 4 24 5 1 32 1 5 25 1 6 1 30
CS (48, 580) (110, 0) - 1 5 22 4 22 4 16 2 8 2 10 2 12 4 28 4 12 2 10 2 8 2 16 4 22 4 22 5 1 31 6 30 6 32 6 28 5 1 34 1 5 28 6 32 6 30 6 31
CS (72, 1000) (127, 0) - 1 5 28 4 14 4 28 4 14 4 28 5 1 35 6 28 4 14 4 28 4 14 4 28 6 35 1 5 28 4 14 4 28 4 14 4 28 5 1 35 6 28 4 14 4 28 5 1 35 6 28 6 35 1 5 28 5 1 35 6 28 6 35 1 5 28 4 14 4 28 6 35
CS (94, 1048) (130, 0) - 1 5 22 4 18 2 6 2 14 4 28 6 34 6 29 1 6 1 27 4 14 2 8 2 14 4 27 1 6 1 29 6 34 6 28 4 14 2 6 2 18 4 22 5 1 29 6 34 6 28 4 14 2 8 2 12 2 10 2 10 2 12 4 30 6 31 1 5 22 4 22 5 1 31 6 30 4 12 2 10 2 10 2 12 2 8 2 14 4 28 6 34 6 29
CS (76, 1040) (132, 0) - 1 5 25 1 6 1 31 6 29 1 6 1 27 6 34 6 26 4 16 4 26 5 1 33 6 30 6 30 6 32 6 30 6 30 6 33 1 5 26 4 16 4 26 6 34 6 27 1 6 1 29 6 31 1 6 1 25 5 1 33 6 27 1 6 1 29 6 32 6 29 1 6 1 27 6 33
CS (96, 1244) (134, 0) - 1 5 24 4 18 4 24 4 18 4 24 4 18 4 24 5 1 32 1 5 25 1 6 1 32 1 5 26 5 1 33 6 31 1 5 24 4 18 4 26 6 35 1 5 28 5 1 35 6 28 6 35 1 5 28 4 14 4 28 5 1 35 6 28 6 35 1 5 28 5 1 35 6 26 4 18 4 24 5 1 31 6 33 1 5 26 5 1 32 1 6 1 25 5 1 32
CS (44, 540) (139, 0) - 1 5 22 4 22 4 18 2 4 2 18 4 22 4 22 5 1 31 6 30 4 12 2 12 4 28 5 1 35 6 28 6 35 1 5 28 4 12 2 12 4 30 6 31
CS (116, 1396) (142, 0) - 1 5 22 2 2 2 18 4 24 4 16 2 8 2 12 4 30 6 32 6 32 6 31 1 5 24 4 20 4 20 4 24 5 1 31 6 33 1 5 27 1 6 1 28 1 6 1 27 5 1 33 6 31 1 5 24 4 20 4 20 4 24 5 1 31 6 32 6 32 6 30 4 12 2 8 2 16 4 24 4 18 2 2 2 22 5 1 29 4 14 4 28 4 14 4 28 4 14 4 28 4 14 4 28 4 14 4 28 4 14 4 28 4 14 4 29
CS (56, 636) (146, 0) - 1 5 22 4 22 4 20 4 22 4 20 4 22 4 20 4 22 4 20 4 22 4 22 5 1 29 4 14 2 6 2 18 4 22 4 20 4 24 5 1 32 1 5 24 4 20 4 22 4 18 2 6 2 14 4 29
CS (64, 700) (146, 0) - 1 5 22 4 20 4 22 5 1 29 4 12 2 10 2 12 4 29 1 6 1 27 5 1 34 1 5 26 5 1 33 6 28 4 14 2 8 2 14 4 28 6 33 1 5 26 5 1 34 1 5 27 1 6 1 29 4 12 2 10 2 12 4 29
CS (72, 692) (146, 0) - 1 5 24 4 16 2 8 2 12 2 8 2 14 4 28 6 35 1 5 28 4 14 2 8 2 12 2 10 2 10 2 10 2 12 2 10 2 10 2 10 2 12 2 8 2 14 4 28 5 1 35 6 28 4 14 2 8 2 12 2 8 2 16 4 24 5 1 31 6 32 6 31
CS (124, 1356) (156, 0) - 1 5 24 4 18 2 6 2 14 4 27 1 6 1 29 6 32 4 10 2 12 2 10 2 10 2 10 2 12 2 10 2 10 2 10 2 12 2 10 4 32 6 29 1 6 1 27 4 14 2 6 2 18 4 24 5 1 32 1 5 26 5 1 33 6 30 6 32 6 32 6 30 4 12 2 10 2 10 2 12 2 8 2 14 4 28 5 1 35 6 28 6 35 1 5 28 4 14 2 8 2 12 2 10 2 10 2 12 4 30 6 32 6 32 6 30 6 33 1 5 26 5 1 32
CS (100, 1388) (162, 0) - 1 5 24 5 1 31 6 32 6 30 4 12 2 10 2 10 2 12 4 30 6 32 6 30 6 34 6 28 5 1 35 6 28 6 34 6 30 6 32 6 30 4 12 2 10 2 10 2 12 4 30 6 32 6 30 4 12 2 10 2 10 2 12 4 30 6 32 6 30 6 34 6 28 6 35 1 5 28 6 34 6 30 6 32 6 30 4 12 2 10 2 10 2 12 4 30 6 32 6 31
CS (112, 1268) (168, 0) - 1 5 24 5 1 31 6 32 6 30 4 12 2 10 2 10 2 10 2 14 4 26 5 1 33 6 30 6 33 1 5 26 5 1 33 6 30 6 33 1 5 26 5 1 33 6 30 6 33 1 5 26 4 14 2 10 2 10 2 10 2 12 4 30 6 32 6 31 1 5 24 5 1 31 6 33 1 5 26 4 16 2 6 2 14 2 8 2 12 2 8 2 14 2 8 2 12 2 8 2 14 2 6 2 16 4 26 5 1 33 6 31
CS (72, 984) (179, 0) - 1 5 20 4 24 4 16 2 6 2 16 4 26 6 35 1 5 28 6 34 6 28 5 1 35 6 26 4 16 2 6 2 16 4 24 4 20 5 1 29 6 34 6 28 6 35 1 5 28 6 35 1 5 28 4 14 4 28 5 1 35 6 28 5 1 35 6 28 6 34 6 29
CS (102, 1252) (180, 0) - 1 5 27 1 6 1 27 4 14 4 28 6 32 6 30 6 32 6 28 4 14 4 27 1 6 1 27 4 14 4 28 6 32 6 30 6 32 6 28 4 14 4 27 1 6 1 27 5 1 33 6 29 1 6 1 25 4 16 2 4 2 18 4 22 4 20 4 20 4 22 4 18 4 22 4 20 4 22 4 18 4 22 4 20 4 20 4 22 4 18 2 4 2 16 4 25 1 6 1 29 6 33
CS (88, 1012) (181, 0) - 1 5 22 4 18 2 4 2 18 4 22 5 1 29 4 12 2 8 2 14 4 26 4 16 4 24 4 16 2 4 2 18 2 4 2 16 4 24 5 1 31 6 30 6 32 6 30 6 30 6 32 6 30 6 30 6 32 6 30 6 31 1 5 24 4 16 2 4 2 18 2 4 2 16 4 24 4 16 4 26 4 14 2 8 2 12 4 29
CS (110, 1180) (188, 0) - 1 5 22 4 20 4 22 4 20 4 22 4 20 4 20 4 24 4 16 4 28 6 33 1 5 24 4 20 4 20 4 24 5 1 33 6 28 4 16 4 24 4 20 4 20 4 22 4 20 4 22 4 20 4 22 5 1 29 4 12 2 12 4 28 4 14 2 6 2 16 2 4 2 18 4 24 4 16 2 8 2 10 2 12 2 10 2 8 2 16 4 24 4 18 2 4 2 16 2 6 2 14 4 28 4 12 2 12 4 29
CS (72, 984) (190, 0) - 1 5 20 2 2 2 20 4 22 4 18 4 26 6 35 1 5 28 6 34 6 28 5 1 35 6 26 4 18 4 22 4 20 2 2 2 20 5 1 29 6 34 6 28 6 35 1 5 28 6 35 1 5 28 4 14 4 28 5 1 35 6 28 5 1 35 6 28 6 34 6 29
CS (92, 1252) (192, 0) - 1 5 22 4 22 5 1 30 1 6 1 27 6 35 1 5 28 6 34 6 30 6 31 1 5 22 4 22 5 1 30 1 6 1 27 6 35 1 5 28 6 34 6 30 6 31 1 5 22 4 22 5 1 31 6 30 6 34 6 28 5 1 35 6 27 1 6 1 30 1 5 22 4 22 5 1 31 6 30 6 34 6 28 5 1 35 6 27 1 6 1 30
CS (116, 1504) (200, 0) - 1 5 22 4 20 4 22 4 20 4 22 4 20 4 24 5 1 32 1 5 24 4 20 4 22 5 1 29 6 34 6 28 4 14 2 8 2 14 4 28 6 34 6 29 1 5 22 4 20 4 24 5 1 32 1 5 24 4 20 4 22 4 20 4 22 4 20 4 22 5 1 29 6 34 6 28 5 1 33 6 31 1 5 24 4 18 4 26 5 1 34 1 5 28 5 1 34 1 5 26 4 18 4 24 5 1 31 6 33 1 5 28 6 34 6 29
CS (68, 816) (201, 0) - 1 5 22 4 20 2 2 2 20 4 20 4 22 4 20 4 20 2 2 2 20 4 22 5 1 29 4 14 4 28 6 35 1 5 29 1 5 22 4 20 4 22 5 1 29 6 34 6 29 1 5 22 4 20 4 22 5 1 29 5 1 35 6 28 4 14 4 29
CS (100, 1092) (205, 0) - 1 5 26 4 16 2 6 2 14 2 8 2 14 4 26 4 16 4 26 4 16 4 26 4 14 2 8 2 14 2 6 2 16 4 26 5 1 35 6 26 4 16 2 6 2 14 2 8 2 14 4 26 4 16 4 26 4 16 4 26 5 1 33 6 30 4 12 4 30 4 12 4 30 6 33 1 5 26 4 16 4 26 4 16 4 26 4 14 2 8 2 14 2 6 2 16 4 26 6 35
CS (106, 1148) (208, 0) - 1 5 20 2 4 2 16 4 26 4 16 4 26 5 1 34 1 5 26 4 16 4 27 1 6 1 29 6 33 1 5 24 4 20 4 20 4 24 5 1 33 6 29 1 6 1 27 4 16 4 26 5 1 34 1 5 26 4 16 4 26 4 16 2 4 2 20 5 1 29 6 34 6 28 4 14 2 8 2 12 2 10 2 10 2 10 2 12 2 10 2 10 2 10 2 12 2 8 2 14 4 28 6 34 6 29
CS (84, 1120) (212, 0) - 1 5 20 4 24 5 1 33 6 26 4 18 4 20 4 24 5 1 33 6 28 6 33 1 5 26 5 1 33 6 28 6 33 1 5 24 4 20 4 18 4 26 6 33 1 5 24 4 20 5 1 29 6 31 1 6 1 25 5 1 33 6 28 6 33 1 5 26 5 1 33 6 28 6 33 1 5 25 1 6 1 31 6 29
CS (88, 924) (212, 0) - 1 5 20 2 2 2 20 4 22 4 18 2 4 2 18 4 22 4 20 2 2 2 20 5 1 29 6 33 1 6 1 23 4 20 4 20 2 2 2 20 4 20 4 24 5 1 33 6 29 1 6 1 27 4 14 2 8 2 14 4 27 1 6 1 29 6 33 1 5 24 4 20 4 20 2 2 2 20 4 20 4 23 1 6 1 33 6 29
CS (76, 976) (216, 0) - 1 5 22 4 20 4 22 4 20 4 22 4 20 4 20 4 24 5 1 32 1 5 24 4 20 4 20 4 22 4 20 4 22 4 20 4 22 5 1 29 4 14 4 28 6 34 6 28 5 1 34 1 5 26 4 16 4 26 4 16 4 26 5 1 34 1 5 28 6 34 6 28 4 14 4 29
CS (84, 940) (216, 0) - 1 5 26 4 16 4 26 4 14 2 8 2 14 2 6 2 16 4 24 4 18 4 24 4 18 4 24 4 16 2 6 2 14 2 8 2 14 4 26 4 16 4 26 5 1 33 6 30 4 10 2 14 4 26 4 16 4 26 4 16 4 26 5 1 34 1 5 26 4 16 4 26 4 16 4 26 4 14 2 10 4 30 6 33
CS (76, 1060) (220, 0) - 1 5 26 4 16 4 26 5 1 33 6 30 6 32 6 30 4 12 4 30 4 12 4 30 6 32 6 30 6 33 1 5 26 4 16 4 26 5 1 34 1 5 27 1 6 1 29 6 34 6 28 6 35 1 5 28 4 14 4 28 5 1 35 6 28 6 34 6 29 1 6 1 27 5 1 34
CS (80, 940) (222, 0) - 1 5 26 4 16 4 26 4 14 2 10 4 30 4 10 2 14 4 26 4 16 4 26 4 14 2 10 4 30 4 10 2 14 4 26 4 16 4 26 5 1 33 6 30 4 10 2 14 4 26 4 16 4 26 4 16 4 26 5 1 34 1 5 26 4 16 4 26 4 16 4 26 4 14 2 10 4 30 6 33
CS (72, 892) (224, 0) - 1 5 22 4 18 2 6 2 14 4 28 6 34 6 29 1 5 22 5 1 29 6 34 6 28 4 14 2 6 2 18 4 22 5 1 29 6 34 6 29 1 6 1 27 5 1 34 1 5 26 4 16 4 26 4 16 4 26 5 1 34 1 5 27 1 6 1 29 6 34 6 29
CS (108, 1292) (228, 0) - 1 5 20 4 24 5 1 32 1 5 24 4 18 4 25 1 6 1 31 6 31 1 5 24 5 1 31 6 32 6 31 1 5 24 4 18 4 24 5 1 31 6 32 6 31 1 5 24 5 1 31 6 31 1 6 1 25 4 18 4 24 5 1 32 1 5 24 4 20 5 1 28 1 6 1 29 6 32 4 10 2 12 2 8 2 14 4 28 6 34 6 28 4 14 2 8 2 12 2 10 4 32 6 29 1 6 1 28
CS (76, 940) (230, 0) - 1 5 26 4 16 4 26 4 14 2 10 4 30 4 12 4 30 6 32 6 30 4 12 4 30 4 10 2 14 4 26 4 16 4 26 5 1 33 6 30 4 10 2 14 4 26 4 16 4 26 4 16 4 26 5 1 34 1 5 26 4 16 4 26 4 16 4 26 4 14 2 10 4 30 6 33
CS (88, 1036) (230, 0) - 1 5 22 4 22 4 18 4 26 6 34 6 30 6 32 6 30 6 34 6 26 4 18 4 22 4 22 5 1 31 6 30 4 12 2 10 2 10 2 12 2 8 2 12 2 10 2 12 4 28 4 14 4 28 5 1 35 6 28 6 35 1 5 28 4 14 4 28 4 12 2 10 2 12 2 8 2 12 2 10 2 10 2 12 4 30 6 31
CS (68, 884) (234, 0) - 1 5 22 4 20 4 22 5 1 29 6 34 6 29 1 5 22 5 1 29 6 34 6 28 5 1 35 6 27 1 6 1 29 4 12 2 12 4 28 4 12 2 12 4 29 1 6 1 27 6 35 1 5 28 6 34 6 29 1 5 22 5 1 29 6 34 6 29
CS (92, 980) (234, 0) - 1 5 22 4 20 4 22 4 20 4 22 4 20 4 20 4 24 4 16 2 6 2 16 4 24 4 20 4 20 4 22 4 20 4 22 4 20 4 22 5 1 29 4 12 2 12 4 28 4 14 2 6 2 16 2 4 2 18 4 24 4 18 4 24 5 1 32 1 5 24 4 18 4 24 4 18 2 4 2 16 2 6 2 14 4 28 4 12 2 12 4 29
CS (96, 1188) (236, 0) - 1 5 20 4 24 5 1 33 6 28 6 33 1 5 26 5 1 33 6 28 6 33 1 5 25 1 6 1 31 6 29 1 6 1 26 1 6 1 29 6 32 6 29 1 6 1 26 1 6 1 29 6 31 1 6 1 25 5 1 33 6 28 6 33 1 5 26 5 1 33 6 28 6 33 1 5 24 4 20 5 1 28 1 6 1 27 5 1 34 1 5 27 1 6 1 28
CS (112, 1528) (242, 0) - 1 5 25 1 6 1 32 1 6 1 25 5 1 33 6 30 6 32 6 32 6 30 6 32 6 32 6 30 6 33 1 5 26 5 1 34 1 5 27 1 6 1 29 4 14 4 28 6 34 6 28 4 14 2 6 2 18 4 22 4 20 4 22 4 20 4 22 4 18 2 6 2 14 4 28 6 34 6 28 4 14 4 29 1 6 1 27 5 1 34 1 5 26 5 1 33 6 30 6 32 6 32 6 30 6 32 6 32 6 30 6 33
CS (108, 1224) (246, 0) - 1 5 22 4 20 4 22 4 18 2 4 2 18 4 24 4 16 2 6 2 16 4 26 6 35 1 5 26 4 18 4 22 4 20 2 2 2 20 4 20 4 22 4 20 4 22 4 20 4 20 2 2 2 20 4 22 4 18 4 26 5 1 35 6 26 4 16 2 6 2 16 4 24 4 18 2 4 2 18 4 22 4 20 4 22 5 1 29 6 35 1 5 29 1 5 22 4 20 4 22 5 1 29 5 1 35 6 29
CS (84, 892) (247, 0) - 1 5 26 4 16 4 26 4 14 2 8 2 14 2 6 2 16 4 26 6 35 1 5 26 4 18 4 22 4 20 2 2 2 18 2 4 2 16 2 4 2 18 2 2 2 20 4 22 4 18 4 26 5 1 35 6 26 4 16 2 6 2 14 2 8 2 14 4 26 4 16 4 26 5 1 33 6 30 4 12 4 30 6 33
CS (102, 1088) (248, 0) - 1 5 22 4 20 4 22 5 1 29 4 12 2 10 2 10 2 10 2 10 2 12 4 28 4 12 2 10 2 8 2 16 4 22 4 22 5 1 31 6 30 6 32 6 28 4 14 4 27 1 6 1 27 4 14 4 28 6 32 6 30 6 31 1 5 22 4 22 4 16 2 8 2 10 2 12 4 28 4 12 2 10 2 10 2 10 2 10 2 12 4 29 1 5 22 4 20 4 22 5 1 30
CS (88, 1196) (250, 0) - 1 5 28 5 1 35 6 28 6 34 6 30 6 32 6 30 6 34 6 28 5 1 35 6 28 6 34 6 28 4 16 4 24 4 18 2 4 2 16 2 6 2 14 2 8 2 12 2 8 2 14 2 6 2 16 2 4 2 18 4 24 4 16 4 28 6 34 6 28 6 35 1 5 28 6 34 6 30 6 32 6 30 6 34 6 28 6 35
CS (106, 1288) (260, 0) - 1 5 24 4 20 4 20 4 24 5 1 33 6 28 4 16 4 24 4 20 4 20 4 22 4 20 4 24 5 1 34 1 5 28 6 35 1 5 28 4 14 4 28 4 14 4 28 4 12 2 12 4 28 4 14 2 6 2 16 2 6 2 14 4 28 4 12 2 12 4 28 4 14 4 28 4 14 4 28 5 1 35 6 28 5 1 34 1 5 24 4 20 4 22 4 20 4 20 4 24 4 16 4 28 6 33
CS (80, 1196) (261, 0) - 1 5 28 5 1 35 6 28 6 34 6 30 6 32 6 30 6 34 6 28 5 1 35 6 28 6 34 6 28 4 16 4 24 4 18 2 4 2 18 4 22 4 20 4 22 4 18 2 4 2 18 4 24 4 16 4 28 6 34 6 28 6 35 1 5 28 6 34 6 30 6 32 6 30 6 34 6 28 6 35
CS (84, 1076) (262, 0) - 1 5 22 4 18 2 4 2 18 4 20 4 24 5 1 33 6 28 6 33 1 5 25 1 6 1 31 6 30 6 31 1 5 24 5 1 31 6 30 6 31 1 6 1 25 5 1 33 6 28 6 33 1 5 24 4 20 4 18 2 4 2 18 4 22 5 1 29 4 12 4 30 6 30 6 32 6 30 6 30 4 12 4 29
CS (112, 1376) (276, 0) - 1 5 25 1 6 1 32 1 6 1 25 5 1 33 6 30 6 32 6 32 6 30 6 33 1 5 26 5 1 33 6 30 6 33 1 5 25 1 6 1 33 6 28 4 14 2 8 2 12 2 10 2 10 2 12 2 8 2 14 4 28 6 34 6 28 4 14 2 8 2 12 2 10 2 10 2 12 2 8 2 14 4 28 6 33 1 6 1 25 5 1 33 6 30 6 33 1 5 26 5 1 33 6 30 6 32 6 32 6 30 6 33
CS (122, 1484) (278, 0) - 1 5 20 4 24 4 16 2 8 2 12 4 30 6 32 6 32 6 30 4 12 2 10 2 10 2 12 4 30 6 33 1 5 26 4 18 4 22 4 22 4 18 4 26 5 1 33 6 30 4 12 2 10 2 10 2 12 4 30 6 32 6 32 6 30 4 12 2 8 2 16 4 24 4 20 5 1 27 4 16 4 26 4 16 4 26 4 16 4 26 4 16 4 26 4 16 4 26 4 16 4 26 4 16 4 26 4 16 4 26 4 16 4 26 4 16 4 26 4 16 4 27
CS (106, 1300) (279, 0) - 1 5 22 4 22 4 20 4 20 4 22 4 22 5 1 31 6 31 1 5 24 5 1 32 1 5 25 1 6 1 32 1 5 26 5 1 34 1 5 28 6 33 1 6 1 25 5 1 34 1 5 28 6 35 1 5 28 4 14 4 28 4 14 4 28 5 1 35 6 28 5 1 34 1 5 25 1 6 1 33 6 28 5 1 34 1 5 26 5 1 32 1 6 1 25 5 1 32 1 5 24 5 1 31 6 31
CS (108, 1344) (284, 0) - 1 5 22 4 18 4 25 1 6 1 29 6 33 1 5 26 4 16 4 26 6 34 6 27 1 6 1 29 6 31 1 6 1 25 5 1 33 6 27 1 6 1 29 6 32 6 29 1 6 1 27 6 33 1 5 25 1 6 1 31 6 29 1 6 1 27 6 34 6 26 4 16 4 26 5 1 33 6 29 1 6 1 25 4 18 4 22 5 1 29 6 33 1 5 26 4 14 2 8 2 14 4 26 5 1 33 6 29
CS (116, 1424) (284, 0) - 1 5 20 4 24 5 1 33 6 28 6 33 1 5 26 5 1 33 6 28 6 33 1 5 24 4 20 5 1 29 6 31 1 5 22 4 20 4 22 4 18 4 24 5 1 32 1 5 25 1 6 1 30 1 5 22 4 20 4 22 5 1 30 1 5 22 4 22 5 1 31 6 30 6 31 1 5 22 4 22 5 1 30 1 5 22 4 20 4 22 5 1 30 1 6 1 25 5 1 32 1 5 24 4 18 4 22 4 20 4 22 5 1 31 6 29
CS (88, 932) (286, 0) - 1 5 24 4 16 2 8 2 12 2 8 2 14 4 28 6 34 6 28 4 14 2 8 2 12 2 8 2 16 4 24 5 1 31 6 32 6 30 4 12 2 8 2 16 4 24 4 18 4 24 5 1 31 4 10 2 12 2 10 2 10 2 10 2 12 2 10 4 31 1 5 24 4 18 4 24 4 16 2 8 2 12 4 30 6 32 6 31
CS (100, 1276) (286, 0) - 1 5 22 4 22 5 1 29 4 14 4 28 6 35 1 5 30 6 32 6 30 4 12 2 10 2 12 4 30 6 32 6 30 5 1 35 6 28 4 14 4 29 1 5 22 4 22 5 1 29 5 1 35 6 28 6 35 1 5 28 4 14 2 6 2 18 4 22 4 20 4 24 5 1 32 1 5 24 4 20 4 22 4 18 2 6 2 14 4 28 5 1 35 6 28 6 35 1 5 29
CS (100, 1324) (288, 0) - 1 5 22 5 1 29 6 32 6 30 6 30 4 12 4 30 6 30 6 31 1 6 1 25 5 1 33 6 28 6 33 1 5 26 5 1 33 6 28 4 14 4 26 4 16 4 24 4 16 2 6 2 14 2 6 2 16 4 24 4 16 4 26 4 14 4 28 6 33 1 5 26 5 1 33 6 28 6 33 1 5 25 1 6 1 31 6 30 6 30 4 12 4 30 6 30 6 32 6 29
CS (130, 1396) (290, 0) - 1 5 24 4 20 4 20 4 24 5 1 33 6 28 4 14 2 8 2 14 4 27 1 6 1 29 4 12 2 10 2 10 2 12 2 8 2 14 2 6 2 16 4 26 5 1 33 6 31 1 5 24 5 1 31 6 32 6 30 4 12 2 10 2 10 2 12 4 30 6 32 6 30 4 12 2 10 2 10 2 12 4 30 6 32 6 31 1 5 24 5 1 31 6 33 1 5 26 4 16 2 6 2 14 2 8 2 12 2 10 2 10 2 12 4 29 1 6 1 27 4 14 2 8 2 14 4 28 6 33
CS (108, 1360) (297, 0) - 1 5 26 4 14 2 8 2 12 2 8 2 14 4 26 4 14 4 28 6 33 1 5 26 5 1 33 6 28 6 33 1 5 26 5 1 33 6 28 4 14 4 26 4 14 2 8 2 12 2 8 2 14 4 26 5 1 33 6 28 6 34 6 26 4 16 4 26 6 34 6 28 6 33 1 5 26 4 14 2 8 2 12 2 8 2 14 4 26 5 1 33 6 28 6 34 6 26 4 16 4 26 6 34 6 28 6 33
CS (96, 1128) (300, 0) - 1 5 24 4 18 4 24 4 18 4 24 4 16 2 6 2 16 4 26 5 1 34 1 5 26 4 16 2 6 2 16 4 24 4 18 4 24 4 18 4 24 5 1 31 4 10 2 14 4 26 4 16 4 26 4 16 4 26 5 1 33 6 31 1 5 24 4 18 4 24 4 18 4 24 5 1 31 6 33 1 5 26 4 16 4 26 4 16 4 26 4 14 2 10 4 31
CS (112, 1388) (308, 0) - 1 5 20 4 24 4 16 2 6 2 16 4 25 1 6 1 31 6 32 6 31 1 5 24 4 18 4 24 5 1 31 6 32 6 31 1 6 1 25 4 16 2 6 2 16 4 24 4 20 5 1 29 6 33 1 5 24 4 20 4 20 4 24 5 1 33 6 28 4 16 4 24 4 20 4 20 4 22 4 20 4 22 4 20 4 22 4 20 4 20 4 24 4 16 4 28 6 33 1 5 24 4 20 4 20 4 24 5 1 33 6 29
CS (138, 1292) (310, 0) - 1 5 26 4 16 2 6 2 16 4 24 4 18 2 4 2 16 2 6 2 14 2 6 2 16 2 4 2 18 4 24 4 18 4 22 4 22 4 18 4 24 4 18 2 4 2 16 2 6 2 14 2 6 2 16 2 4 2 18 4 24 4 16 2 6 2 16 4 26 5 1 35 6 26 4 16 2 6 2 16 4 24 4 18 2 4 2 16 2 6 2 14 2 6 2 16 4 26 4 16 4 26 5 1 34 1 5 26 4 16 4 26 4 16 2 6 2 14 2 6 2 16 2 4 2 18 4 24 4 16 2 6 2 16 4 26 6 35
CS (100, 964) (316, 0) - 1 5 20 4 22 4 18 2 4 2 16 4 26 6 34 6 26 4 16 2 4 2 18 4 22 4 20 5 1 27 4 14 2 8 2 12 2 8 2 12 2 10 2 8 2 14 2 6 2 16 4 24 4 16 4 26 5 1 33 6 28 4 12 2 10 2 12 4 28 6 33 1 5 26 4 16 4 24 4 16 2 6 2 14 2 8 2 10 2 12 2 8 2 12 2 8 2 14 4 27
CS (100, 1172) (316, 0) - 1 5 20 2 2 2 20 4 18 2 4 2 18 4 20 4 24 5 1 33 6 28 6 33 1 5 25 1 6 1 31 6 30 6 31 1 5 24 5 1 31 6 30 6 31 1 6 1 25 5 1 33 6 28 6 33 1 5 24 4 20 4 18 2 4 2 18 4 20 2 2 2 20 5 1 29 6 32 6 28 4 14 2 6 2 16 4 24 4 16 2 6 2 14 4 28 6 32 6 29
CS (96, 1092) (319, 0) - 1 5 24 4 18 2 2 2 22 4 18 4 24 4 18 4 24 4 18 4 24 4 18 4 22 2 2 2 18 4 24 5 1 33 6 28 4 14 2 8 2 12 2 10 2 12 4 28 4 14 4 28 4 14 4 28 5 1 35 6 28 4 14 4 28 4 14 4 28 6 35 1 5 28 4 14 4 28 4 14 4 28 4 12 2 10 2 12 2 8 2 14 4 28 6 33
CS (128, 1796) (322, 0) - 1 5 24 5 1 31 6 30 6 32 6 28 4 14 4 28 6 32 6 30 6 30 4 12 2 8 2 14 4 26 5 1 33 6 28 6 34 6 26 4 16 4 26 6 34 6 28 6 33 1 5 26 5 1 33 6 28 5 1 34 1 5 26 4 14 2 8 2 14 4 26 5 1 34 1 5 28 6 33 1 5 26 5 1 33 6 28 6 34 6 26 4 16 4 26 6 34 6 28 6 33 1 5 26 4 14 2 8 2 12 4 30 6 30 6 32 6 28 4 14 4 28 6 32 6 30 6 31
CS (128, 1540) (324, 0) - 1 5 22 4 20 4 22 4 22 5 1 30 1 5 22 4 22 4 18 2 6 2 14 4 28 6 34 6 29 1 6 1 27 6 35 1 5 28 4 14 4 28 4 14 2 6 2 18 4 22 4 20 4 22 4 20 4 22 4 20 4 22 4 20 4 22 4 20 4 22 4 20 4 22 4 18 2 6 2 14 4 28 4 14 4 28 5 1 35 6 27 1 6 1 29 6 34 6 28 4 14 2 6 2 18 4 22 4 22 5 1 30 1 5 22 4 22 4 20 4 22 5 1 29 6 34 6 29
CS (126, 1452) (332, 0) - 1 5 22 4 20 4 20 4 20 4 22 4 20 4 18 2 4 2 18 4 20 4 22 4 20 4 20 4 20 4 22 5 1 29 4 12 4 30 6 30 6 32 6 28 4 14 4 26 4 16 4 24 4 16 2 4 2 18 4 24 5 1 33 6 26 4 16 2 4 2 18 4 22 4 18 2 2 2 20 4 20 2 2 2 18 4 22 4 18 2 4 2 16 4 26 6 33 1 5 24 4 18 2 4 2 16 4 24 4 16 4 26 4 14 4 28 6 32 6 30 6 30 4 12 4 29
CS (108, 1332) (344, 0) - 1 5 22 4 20 4 22 4 20 4 22 4 20 4 20 4 24 4 16 2 6 2 16 4 24 4 20 4 20 4 22 4 20 4 22 4 20 4 22 5 1 29 4 14 4 28 6 34 6 28 4 14 2 8 2 14 4 26 4 16 4 26 4 16 4 26 5 1 33 6 30 4 12 4 30 4 12 4 30 6 33 1 5 26 4 16 4 26 4 16 4 26 4 14 2 8 2 14 4 28 6 34 6 28 4 14 4 29
CS (124, 1472) (350, 0) - 1 5 22 4 20 4 22 4 20 4 22 4 20 4 22 4 20 4 22 4 20 4 22 4 20 4 22 5 1 29 6 33 1 5 25 1 6 1 31 6 32 6 31 1 5 24 4 18 2 4 2 18 4 22 4 20 4 24 5 1 32 1 5 25 1 6 1 31 6 31 1 6 1 25 5 1 32 1 5 25 1 6 1 31 6 31 1 6 1 25 5 1 32 1 5 24 4 20 4 22 4 18 2 4 2 18 4 24 5 1 31 6 32 6 31 1 6 1 25 5 1 33 6 29
OSO (41, 499) (352, 0) - 1 5 22 4 18 4 18 4 20 4 18 4 20 4 16 4 24 6 31 1 5 24 6 31 1 6 1 23 5 1 31 6 26 6 29 1 6 1 25 6 31
CS (132, 1372) (362, 0) - 1 5 22 4 20 4 22 4 18 2 4 2 18 4 24 4 16 2 6 2 16 4 25 1 6 1 31 6 32 6 31 1 5 24 4 18 4 24 5 1 31 6 32 6 31 1 6 1 25 4 16 2 6 2 16 4 24 4 18 2 4 2 18 4 22 4 20 4 22 5 1 29 4 12 2 10 2 12 2 8 2 14 4 27 1 6 1 29 6 34 6 28 4 14 2 6 2 16 2 6 2 14 2 6 2 16 2 6 2 14 4 28 6 34 6 29 1 6 1 27 4 14 2 8 2 12 2 10 2 12 4 29
CS (94, 1180) (370, 0) - 1 5 22 4 20 4 22 4 20 4 22 4 20 4 20 4 24 4 16 4 28 6 33 1 5 24 4 20 4 20 4 24 5 1 33 6 28 4 16 4 24 4 20 4 20 4 22 4 20 4 22 4 20 4 22 5 1 29 4 14 4 28 6 34 6 28 4 14 2 6 2 18 4 22 4 20 4 22 4 18 2 6 2 14 4 28 6 34 6 28 4 14 4 29
CS (104, 1108) (370, 0) - 1 5 20 2 2 2 20 4 18 2 4 2 18 4 20 2 2 2 20 5 1 29 6 32 6 28 4 14 2 6 2 16 4 24 4 16 2 6 2 14 2 6 2 16 4 24 5 1 31 6 30 4 10 2 12 2 10 4 30 6 30 6 32 6 30 6 30 4 10 2 12 2 10 4 30 6 31 1 5 24 4 16 2 6 2 14 2 6 2 16 4 24 4 16 2 6 2 14 4 28 6 32 6 29
CS (126, 1428) (372, 0) - 1 5 22 4 18 2 6 2 14 4 28 6 34 6 29 1 6 1 27 4 14 2 8 2 14 4 28 6 33 1 5 24 4 20 4 20 4 24 5 1 33 6 28 4 14 2 8 2 14 4 27 1 6 1 29 6 34 6 28 4 14 2 6 2 18 4 22 5 1 29 6 34 6 29 1 5 22 5 1 29 6 34 6 28 4 14 2 8 2 12 2 10 2 10 2 10 2 12 2 10 2 10 2 10 2 12 2 8 2 14 4 28 6 34 6 29 1 5 22 5 1 29 6 34 6 29
OSO (35, 367) (376, 0) - 1 5 22 4 20 4 22 4 18 2 6 2 14 4 28 6 34 6 29 1 6 1 27 4 14 2 8 2 12 2 10 2 12 4 29
CS (114, 1460) (385, 0) - 1 5 20 2 2 2 20 4 22 4 18 2 4 2 18 4 22 4 20 2 2 2 20 5 1 29 6 34 6 28 6 35 1 5 28 5 1 35 6 28 6 34 6 29 1 6 1 27 5 1 33 6 31 1 5 24 5 1 31 6 31 1 6 1 25 4 18 4 22 4 22 4 18 4 25 1 6 1 31 6 31 1 5 24 5 1 31 6 33 1 5 27 1 6 1 29 6 34 6 28 6 35 1 5 28 5 1 35 6 28 6 34 6 29
CS (106, 1352) (394, 0) - 1 5 22 4 22 4 20 4 20 2 2 2 20 4 20 2 2 2 20 4 20 4 22 4 22 5 1 31 6 32 6 30 6 34 6 28 6 34 6 30 6 32 6 31 1 5 22 4 22 4 20 4 20 2 4 2 16 4 25 1 6 1 31 4 10 2 12 2 10 4 31 1 6 1 25 4 16 2 4 2 20 4 20 4 22 4 22 5 1 31 6 32 6 30 6 34 6 28 6 34 6 30 6 32 6 31
CS (112, 1292) (396, 0) - 1 5 24 4 18 4 24 4 16 2 8 2 10 2 14 4 26 4 16 4 26 4 14 2 10 4 31 1 5 24 4 18 4 24 4 18 4 24 4 18 4 24 5 1 31 4 10 2 14 4 26 4 16 4 26 4 14 2 10 2 8 2 16 4 24 4 18 4 24 5 1 31 6 32 6 31 1 6 1 25 5 1 32 1 5 24 4 18 4 24 4 18 4 24 4 18 4 24 5 1 32 1 5 25 1 6 1 31 6 32 6 31
CS (114, 1144) (400, 0) - 1 5 24 4 20 4 18 2 6 2 12 2 10 2 8 2 14 2 8 2 10 2 12 2 8 2 12 2 8 2 14 4 27 1 6 1 27 5 1 34 1 5 27 1 6 1 27 4 14 2 8 2 12 2 8 2 12 2 10 2 8 2 14 2 8 2 10 2 12 2 6 2 18 4 20 4 24 5 1 33 6 28 6 34 6 26 4 16 4 24 4 18 4 22 4 20 4 20 4 22 4 18 4 24 4 16 4 26 6 34 6 28 6 33
CS (124, 1396) (402, 0) - 1 5 24 4 16 2 6 2 16 4 24 5 1 32 1 5 26 5 1 33 6 28 4 12 2 10 2 10 2 12 4 28 6 34 6 26 5 1 32 1 5 24 4 18 4 24 5 1 33 6 26 4 16 2 4 2 18 4 22 4 20 4 20 4 20 2 2 2 18 2 2 2 20 4 20 4 20 4 22 4 18 2 4 2 16 4 26 6 33 1 5 24 4 18 4 24 5 1 32 1 5 26 6 34 6 28 4 12 2 10 2 10 2 12 4 28 6 33 1 5 26 5 1 32
CS (112, 1564) (406, 0) - 1 5 24 5 1 31 6 32 6 30 6 32 6 32 6 30 6 33 1 5 26 4 14 2 10 2 10 2 10 2 12 4 30 6 32 6 30 6 33 1 5 26 5 1 33 6 30 6 33 1 5 26 4 16 4 26 5 1 33 6 30 6 33 1 5 26 5 1 33 6 30 6 32 6 30 4 12 2 10 2 10 2 10 2 14 4 26 5 1 33 6 30 6 32 6 32 6 30 6 32 6 31 1 5 24 5 1 31 6 32 6 31
CS (102, 1140) (408, 0) - 1 5 24 4 18 2 2 2 22 4 18 4 24 4 18 4 24 4 18 4 24 4 18 4 22 2 2 2 18 4 24 5 1 33 6 28 4 14 2 8 2 12 2 10 2 10 2 12 2 8 2 14 4 28 6 34 6 28 5 1 35 6 26 4 18 4 22 4 22 4 18 4 26 6 35 1 5 28 6 34 6 28 4 14 2 8 2 12 2 10 2 10 2 12 2 8 2 14 4 28 6 33
CS (138, 1580) (408, 0) - 1 5 22 4 20 2 2 2 20 4 20 4 22 4 20 4 22 4 20 4 22 4 20 4 20 4 24 4 16 4 28 6 33 1 5 24 4 20 4 20 4 24 5 1 33 6 28 4 16 4 24 4 20 4 20 4 22 4 20 4 22 4 20 4 22 4 20 4 20 2 2 2 20 4 22 5 1 31 6 30 4 12 2 10 2 10 2 12 2 8 2 14 4 28 6 34 6 28 4 14 2 6 2 18 4 22 4 20 4 22 4 18 2 6 2 14 4 28 6 34 6 28 4 14 2 8 2 12 2 10 2 10 2 12 4 30 6 31
CS (168, 2008) (415, 0) - 1 5 22 4 18 2 6 2 14 4 28 6 34 6 28 4 14 2 8 2 12 2 8 2 14 2 8 2 12 4 30 6 32 6 30 4 12 2 8 2 14 2 8 2 12 2 8 2 14 4 28 6 34 6 28 4 14 2 6 2 18 4 22 5 1 29 6 34 6 28 4 14 2 6 2 18 4 22 5 1 29 5 1 35 6 28 4 14 4 28 4 14 4 28 6 34 6 28 4 14 2 6 2 18 4 22 5 1 29 6 34 6 28 4 14 4 28 4 14 4 28 6 34 6 29 1 5 22 4 18 2 6 2 14 4 28 6 34 6 28 4 14 4 28 4 14 4 28 6 35 1 5 29 1 5 22 4 18 2 6 2 14 4 28 6 34 6 29
CS (172, 1900) (448, 0) - 1 5 24 4 18 2 4 2 18 4 22 4 20 4 22 4 20 4 20 2 4 2 16 4 25 1 6 1 31 6 32 6 30 6 33 1 5 26 5 1 33 6 30 6 32 6 31 1 6 1 25 4 16 2 4 2 20 4 20 4 22 4 20 4 22 4 18 2 4 2 18 4 24 5 1 33 6 28 4 14 2 8 2 12 2 10 2 10 2 10 2 12 2 10 4 31 1 5 24 5 1 31 6 31 1 6 1 25 4 18 4 24 5 1 32 1 5 24 4 18 4 24 4 18 4 24 4 18 4 24 5 1 32 1 5 24 4 18 4 25 1 6 1 31 6 31 1 5 24 5 1 31 4 10 2 12 2 10 2 10 2 10 2 12 2 8 2 14 4 28 6 33
CS (116, 1188) (449, 0) - 1 5 24 4 18 4 24 4 18 4 24 4 18 4 24 4 16 2 6 2 16 4 26 6 35 1 5 26 4 16 2 6 2 16 4 24 4 18 2 4 2 16 2 6 2 14 2 6 2 16 2 4 2 18 4 24 4 16 2 6 2 16 4 26 5 1 35 6 26 4 16 2 6 2 16 4 24 4 18 4 24 4 18 4 24 4 18 4 24 5 1 31 4 10 2 14 4 26 4 16 2 4 2 18 2 4 2 16 4 26 4 14 2 10 4 31
CS (196, 2184) (449, 0) - 1 5 24 4 18 2 4 2 18 4 22 4 20 4 22 4 20 4 22 4 20 4 22 4 18 2 4 2 18 4 24 5 1 33 6 28 4 14 2 8 2 12 2 10 2 12 4 28 4 14 4 28 4 14 4 28 5 1 35 6 28 4 14 4 28 4 14 4 28 6 35 1 5 28 4 14 4 28 4 14 4 28 5 1 35 6 28 4 14 4 28 4 14 4 28 6 35 1 5 28 4 14 4 28 4 14 4 28 4 12 2 10 2 12 2 8 2 14 4 28 6 33 1 5 24 4 18 2 4 2 18 4 22 4 20 4 22 4 20 4 22 4 20 4 22 4 18 2 4 2 18 4 24 5 1 33 6 28 4 14 2 8 2 14 4 26 4 16 2 6 2 14 2 8 2 12 2 8 2 14 2 6 2 16 4 26 4 14 2 8 2 14 4 28 6 33
CS (140, 1556) (456, 0) - 1 5 20 4 24 4 16 2 6 2 16 4 25 1 6 1 31 6 32 6 31 1 5 24 4 16 2 8 2 12 2 8 2 14 2 6 2 16 4 26 5 1 34 1 5 26 4 16 2 6 2 14 2 8 2 12 2 8 2 16 4 24 5 1 31 6 32 6 31 1 6 1 25 4 16 2 6 2 16 4 24 4 20 5 1 29 6 33 1 5 24 4 20 4 20 4 24 5 1 33 6 29 1 6 1 27 4 16 4 26 5 1 34 1 5 26 4 16 4 27 1 6 1 29 6 33 1 5 24 4 20 4 20 4 24 5 1 33 6 29
CS (90, 1036) (460, 0) - 1 5 22 4 22 5 1 31 6 30 4 12 2 10 2 10 2 12 2 8 2 14 4 28 6 34 6 28 5 1 35 6 26 4 18 4 22 4 22 4 18 4 24 4 18 2 2 2 20 2 2 2 18 4 24 4 18 4 22 4 22 4 18 4 26 6 35 1 5 28 6 34 6 28 4 14 2 8 2 12 2 10 2 10 2 12 4 30 6 31
CS (132, 1584) (492, 0) - 1 5 22 4 20 4 20 2 4 2 16 4 26 5 1 34 1 5 26 4 16 2 4 2 20 4 20 4 22 5 1 29 5 1 35 6 29 1 5 22 4 20 4 22 5 1 29 4 12 2 12 4 28 4 14 4 28 6 35 1 5 28 4 14 4 28 4 14 4 28 6 34 6 29 1 6 1 27 4 14 2 8 2 14 4 27 1 6 1 29 6 34 6 28 4 14 4 28 4 14 4 28 5 1 35 6 28 4 14 4 28 4 12 2 12 4 29 1 5 22 4 20 4 22 5 1 29 6 35 1 5 29
CS (192, 2072) (520, 0) - 1 5 26 4 16 2 4 2 20 4 20 4 22 4 20 4 22 4 20 4 20 2 4 2 16 4 26 5 1 34 1 5 26 5 1 33 6 28 4 16 4 26 6 35 1 5 26 4 16 2 6 2 14 2 8 2 12 2 10 2 10 2 12 4 30 6 32 6 30 6 33 1 5 26 5 1 34 1 5 26 4 16 2 6 2 16 4 24 4 18 2 4 2 16 2 4 2 18 2 4 2 16 4 26 4 16 4 26 5 1 34 1 5 26 4 16 4 26 4 16 2 4 2 18 2 4 2 16 2 4 2 18 4 24 4 16 2 6 2 16 4 26 5 1 34 1 5 26 5 1 33 6 30 6 32 6 30 4 12 2 10 2 10 2 12 2 8 2 14 2 6 2 16 4 26 5 1 35 6 26 4 16 4 28 6 33 1 5 26 5 1 34
CS (158, 1664) (566, 0) - 1 5 22 4 22 4 18 2 4 2 18 4 22 4 20 2 2 2 18 2 4 2 16 4 26 4 14 2 8 2 14 4 28 6 33 1 5 24 4 20 4 20 4 24 5 1 33 6 28 4 14 2 8 2 14 4 26 4 16 2 4 2 18 2 2 2 20 4 22 4 18 2 4 2 18 4 22 4 22 5 1 31 6 31 1 6 1 25 4 18 4 22 4 22 5 1 30 1 6 1 27 5 1 35 6 26 4 18 4 22 4 20 2 2 2 18 2 4 2 16 2 4 2 18 2 2 2 20 4 22 4 18 4 26 6 35 1 5 27 1 6 1 30 1 5 22 4 22 4 18 4 25 1 6 1 31 6 31
CS (132, 1556) (660, 0) - 1 5 20 4 24 4 16 2 6 2 16 4 25 1 6 1 31 6 32 6 31 1 5 24 4 18 4 24 5 1 31 6 32 6 31 1 6 1 25 4 16 2 6 2 16 4 24 4 20 5 1 29 6 33 1 5 24 4 20 4 20 4 24 5 1 33 6 29 1 6 1 27 4 16 4 26 5 1 34 1 5 26 4 16 4 26 4 16 2 6 2 14 2 6 2 16 4 26 4 16 4 26 5 1 34 1 5 26 4 16 4 27 1 6 1 29 6 33 1 5 24 4 20 4 20 4 24 5 1 33 6 29
OSO (63, 683) (664, 0) - 1 5 22 4 18 4 18 4 20 4 18 4 18 2 2 2 18 4 18 4 20 4 18 4 20 4 16 4 24 6 30 6 28 6 28 6 28 6 28 4 10 2 8 2 12 2 8 2 8 2 14 4 22 4 14 2 6 2 14 4 24 6 31
CS (132, 1556) (676, 0) - 1 5 20 4 24 4 16 2 6 2 16 4 25 1 6 1 31 6 32 6 31 1 5 24 4 18 4 24 5 1 31 6 32 6 31 1 6 1 25 4 16 2 6 2 16 4 24 4 20 5 1 29 6 33 1 5 24 4 20 4 20 4 24 5 1 33 6 29 1 6 1 27 4 16 4 26 5 1 34 1 5 26 4 16 4 26 4 16 2 4 2 18 2 4 2 16 4 26 4 16 4 26 5 1 34 1 5 26 4 16 4 27 1 6 1 29 6 33 1 5 24 4 20 4 20 4 24 5 1 33 6 29
OSNO (152, 1882) (24459, 0) - 1 5 22 4 20 4 24 5 1 33 6 30 6 32 6 30 4 12 2 10 2 10 2 12 4 30 6 32 6 30 6 33 1 5 24 4 20 4 20 4 24 5 1 32 1 5 24 5 1 31 6 32 6 30 6 33 1 5 24 4 20 4 22 5 1 30 1 6 1 27 5 1 35 6 27 1 6 1 30 1 5 22 4 20 4 24 5 1 33 6 30 6 32 6 31 1 5 24 5 1 31 4 10 2 12 2 10 2 10 2 10 2 12 2 10 4 31 1 5 24 5 1 31 6 32 6 30 6 33 1 5 24 4 20 4 22 5 1 30 1 6 1 27 5 1 35 6 27 1 6 1 30
// Unused triples
1 5 18 4 16 4 22 6 29 1 5 20 4 16 4 20 5 1 29 6 22 4 16 4 18 5 1 25 4 10 2 10 4 24 4 10 2 10 4 25, 1 6 1 25 4 10 2 8 2 10 2 8 2 10 4 25, 1 5 18 2 2 2 16 4 18 4 16 4 22 6 29 1 5 20 4 16 4 20 5 1 29 6 22 4 16 4 18 4 16 2 2 2 18 5 1 27 6 26 6 28 6 24 6 28 6 26 6 27
